id	q1a	q1b	q1c	q1d	q1e	q1f	q2a	q2b	q2c	q2d	q2e	q2f	q2g	q2h	q3a	q3b	q3c	q3d	q3e	q3f	q3g	q3h	q3i	q3j	ika	sukup	pituus	kenka	kasi	koneon	kone	opalku	kurssit	osa1h	toita	optyo	tahti	tyovko
1	3	3	2	1	2	2	3	4	4	3	4	4	4	4	2	4	3	4	3	4	2	4	4	4	20	N	171	38	O	O	W	14	3	2	E	NA	NA	NA
2	2	2	2	1	1	1	4	3	5	4	5	3	4	5	4	5	4	3	5	4	4	4	3	5	25	N	165	37	O	O	W	13	4	8	E	H	NA	NA
3	4	3	3	2	1	2	4	5	3	4	5	2	3	4	3	4	4	5	4	2	3	2	4	4	19	N	168	39	V	O	W	14	3	3	E	S	NA	NA
4	4	2	2	2	1	1	2	5	4	2	3	4	5	3	4	5	4	3	4	3	3	2	4	5	26	N	166	38	O	O	W	14	5	8	E	H	NA	NA
5	3	3	NA	2	1	1	3	4	4	4	4	4	4	4	1	4	4	1	4	4	3	4	1	3	76	M	171	42	V	O	W	4	1	20	E	NA	NA	0
6	3	1	2	2	1	1	3	4	4	3	4	3	5	4	4	4	4	4	4	3	4	2	4	4	23	M	180	43	O	O	W	14	5	4	T	S	S	7-15
7	3	1	3	1	1	1	3	5	3	3	3	3	4	3	3	4	4	3	4	3	3	1	4	4	26	M	180	44	O	O	M	14	5	3	T	S	S	4-15
8	3	2	2	2	1	3	2	5	5	2	5	2	5	2	2	5	5	4	5	4	1	3	4	4	19	N	170	39	O	O	W	14	5	4	E	NA	NA	NA
9	2	2	1	1	1	1	5	5	3	5	5	2	4	5	5	4	3	5	4	1	4	1	5	2	21	M	193	45	O	O	M	12	4	2	T	S	N	8
10	3	1	2	2	1	1	2	5	4	4	5	2	3	5	4	5	5	4	5	4	5	4	4	5	23	N	166	38	O	O	W	11	3	3	E	H	NA	NA
11	4	1	1	1	1	1	3	5	2	2	4	5	5	4	1	5	5	1	5	5	2	4	2	4	37	N	167	39	V	O	W	99	2	2-3	T	S	N	37.5-
12	4	1	3	2	2	1	4	5	2	4	3	3	4	3	2	4	4	4	4	5	3	4	2	2	22	N	164	39	O	O	W	13	5	4+4	T	S	N	10
13	3	2	2	1	1	2	3	4	2	5	5	4	5	4	1	5	3	1	2	4	3	5	2	5	19	N	169	39	V	O	W	14	2	2	E	NA	NA	NA
14	4	2	2	1	1	1	2	5	3	4	5	2	4	3	4	5	4	4	3	4	3	2	2	4	20	N	171	38	V	O	W	14	4	6	E	S	NA	NA
15	3	1	3	1	1	1	1	5	4	2	4	2	4	4	4	3	3	4	4	4	2	4	3	5	22	N	173	39	O	O	W	13	2	4	T	S	N	15
16	1	1	1	1	1	1	3	4	4	5	4	3	4	5	4	4	5	5	5	4	4	1	5	4	23	N	170	37	O	O	M	14	6	4-7	T	T	N	2-3
17	3	2	2	1	1	1	3	5	2	3	4	2	3	4	1	4	3	1	4	5	1	5	1	4	21	N	156	36	O	O	M	14	3	6	T	S	S	10-20
18	5	2	3	1	1	1	2	4	4	4	4	4	5	4	4	5	4	5	4	4	3	1	4	5	22	M	190	45	O	O	W	14	4	5	T	S	S	20
19	3	1	1	1	1	1	4	5	4	3	4	4	4	3	1	4	4	4	4	3	3	3	4	4	22	N	168	36	V	O	M	14	6	6	T	H	S	8
20	5	2	3	1	1	1	3	4	3	3	5	3	4	4	2	3	3	4	3	4	1	4	2	4	20	N	170	39	O	O	M	14	4	3-4	E	NA	NA	NA
21	2	1	3	1	1	1	4	5	2	3	5	4	4	2	1	4	2	1	2	5	1	5	1	4	21	N	169	39	O	O	W	14	3	2-3	T	S	N	15
22	5	1	2	2	1	2	3	4	4	3	4	4	3	3	1	4	3	4	2	3	3	1	4	3	22	M	189	43	O	O	M	14	3	2-4	T	S	S	6
23	2	1	2	1	1	1	3	5	4	3	5	2	4	4	3	3	4	4	4	3	3	2	3	3	21	N	159	38	O	O	W	12	5	2	T	S	N	10
24	4	1	4	2	2	1	2	5	4	4	3	4	5	2	2	4	4	2	4	2	3	1	3	4	20	N	172	37	O	O	M	14	4	4	T	S	S	0-18
25	2	2	1	1	1	1	4	5	4	4	4	4	5	5	1	5	5	1	5	3	3	2	2	5	31	N	170	40	O	O	M	14	5	8	T	S	S	8-16
26	3	2	4	3	1	2	3	5	5	4	5	4	4	4	2	4	3	4	3	4	2	4	2	4	22	N	174	40	O	O	M	14	4	2	T	S	N	10
27	3	4	4	1	1	1	4	4	4	3	5	4	4	3	2	4	3	4	4	3	3	5	3	4	21	N	173	40	O	O	M	14	3	5	T	S	N	14
28	4	2	3	1	1	1	4	5	4	4	5	3	4	2	1	4	3	2	3	4	2	2	2	4	20	N	173	39	V	O	W	14	4	3	E	S	NA	NA
29	4	2	1	1	2	1	3	5	2	5	3	5	5	4	2	4	4	2	3	5	2	5	1	5	38	N	174	41	O	O	W	10	2	5	T	H	N	40+
30	5	1	2	2	1	1	4	5	4	2	4	4	5	4	2	5	5	2	4	4	2	2	2	4	20	N	163	39	O	O	L	13	5	svkm	E	S	NA	NA
31	2	1	1	2	1	1	3	5	4	3	4	2	3	3	3	3	4	4	3	2	4	1	4	5	37	N	NA	NA	O	O	W	13	3	6-8	E	H	NA	EN!
32	3	1	2	2	1	1	5	4	4	4	5	4	4	4	3	4	2	5	3	3	3	1	4	4	20	N	173	39	O	E	NA	14	4	6	T	H	S	6
33	4	2	2	2	1	1	3	4	1	5	5	3	3	5	1	4	1	1	1	5	1	5	1	4	30	N	164	36	O	O	W	12	2	5	T	S	N	30
34	3	1	3	1	1	1	1	4	3	2	3	4	4	1	2	4	4	4	4	3	3	1	4	3	25	M	183	43	O	O	W	10	2	2-4	T	S	N	10-15
35	3	1	2	1	1	1	1	5	4	4	3	3	5	2	2	4	4	4	4	4	2	4	4	4	20	N	173	38	O	O	W	14	5	2-3	E	S	NA	NA
36	5	1	3	3	2	2	3	5	5	2	5	5	4	4	3	5	5	4	5	5	4	3	2	5	23	N	170	38	O	O	W	11	5	8	T	S	N	10
37	2	1	2	1	1	1	5	4	4	5	5	2	3	4	1	4	5	4	4	3	3	4	4	5	23	N	174	42	O	O	W	10	5	8	E	S	NA	NA
38	3	1	2	3	1	1	4	4	5	2	5	2	5	5	2	5	5	4	5	4	4	2	4	5	18	N	174	40	O	O	M	14	4	6	E	T	NA	NA
39	4	2	3	2	2	2	5	4	4	4	5	3	4	3	3	4	3	4	3	3	3	2	3	5	21	N	160	38	O	O	W	14	3	2	T	H	N	10
40	2	1	2	1	1	2	4	5	5	5	4	2	3	5	2	5	4	3	4	4	3	3	3	5	20	M	185	44	O	O	W	14	3	4	E	H	NA	NA
41	5	2	2	1	1	1	3	4	3	2	4	5	2	4	1	4	4	4	4	5	3	4	2	5	21	N	160	38	O	O	M	14	5	3-5?	E	H	S	3-10
42	2	1	1	1	1	1	4	4	4	5	5	2	3	4	1	3	2	2	3	5	2	4	1	4	23	N	178	41	O	O	W	10	4	2	T	S	S	0-15
43	3	1	4	1	1	1	1	2	2	1	2	2	3	4	4	4	3	3	4	3	3	1	2	4	22	N	170	39	O	O	W	14	5	2-7	E	S	NA	NA
44	3	2	2	1	1	2	4	4	4	4	5	4	5	3	2	4	4	4	4	5	3	5	2	4	25	N	165	38	O	O	W	9	4	5	T	H	N	11
45	4	3	2	2	1	2	2	4	4	3	5	3	4	5	4	5	5	4	5	3	3	2	4	5	20	N	174	38	O	O	M	14	4	6	T	H	S	15
46	3	1	2	1	1	1	3	5	4	4	4	4	4	4	3	4	4	2	3	5	4	4	2	4	21	N	169	39	O	O	W	14	4	2-4	E	H	NA	NA
47	4	2	4	1	1	1	3	5	4	3	5	3	4	3	1	3	4	1	4	2	3	4	2	4	21	N	164	38	O	O	M	14	3	2	E	NA	NA	NA
48	2	2	NA	NA	1	2	4	4	3	4	4	2	2	4	2	4	2	3	3	4	2	5	3	4	20	N	166	39	O	O	W	14	3	1-5	E	NA	NA	NA
49	3	1	2	2	1	1	4	4	4	4	4	4	4	4	2	2	2	4	2	2	2	4	4	2	20	N	170	40	O	O	M	14	5	2-4	T	H	N	15-20
50	5	2	2	1	1	1	4	5	4	2	5	3	4	3	3	4	4	3	3	5	4	4	1	4	19	N	167	37	O	O	M	14	3	NA	T	S	S	vaiht.
51	4	1	2	1	1	1	3	4	5	5	5	3	4	4	2	4	4	2	4	5	3	5	3	4	20	N	163	37	O	E	NA	14	4	4-6	E	H	NA	NA
52	3	2	2	2	1	2	3	4	4	4	4	3	4	4	2	4	2	3	2	5	3	5	1	4	20	N	169	39	O	O	W	14	4	?	E	NA	NA	NA
53	2	1	1	1	1	1	1	2	2	2	1	3	3	2	4	5	5	3	4	4	3	3	3	5	21	N	172	39	O	O	M	14	3	5	T	H	N	15
54	3	1	1	1	1	1	5	5	4	5	4	3	4	4	3	3	2	3	3	3	3	3	3	4	21	M	193	44	O	O	M	14	4	2	T	S	N	10
55	1	4	2	1	1	1	2	5	4	2	5	4	4	3	2	5	5	4	5	4	3	3	3	5	18	N	172	40	O	E	NA	14	5	8?	E	S	NA	NA
56	3	1	2	1	1	1	2	5	4	4	5	5	5	5	3	5	5	3	4	4	4	1	2	5	21	N	162	38	O	O	M	13	4	2	E	S	NA	NA
57	3	2	3	2	1	2	4	4	4	4	3	3	5	3	2	4	3	2	4	4	3	4	2	4	21	M	170	42	O	O	M	14	3	7	E	H	NA	NA
58	2	2	2	1	1	1	5	4	5	5	5	2	3	4	2	4	4	4	4	5	3	4	2	3	21	N	173	41	O	O	W	14	5	<10	E	S	NA	NA
59	4	2	3	2	2	2	4	4	4	2	4	4	3	4	1	4	2	1	2	5	2	5	1	4	19	N	164	37	O	E	NA	14	5	<10	E	S	NA	NA
60	5	1	2	5	1	1	3	5	5	3	5	5	5	5	1	5	5	2	5	1	5	1	2	5	25	M	191	45	O	O	M	14	5	lva	T	H	S	0-20
61	3	1	2	2	1	1	4	4	4	5	4	3	4	5	3	3	3	4	3	4	3	4	4	3	20	N	170	38	O	O	W	14	5	NA	T	S	S	<20
62	2	1	2	1	1	1	5	5	3	5	5	2	3	5	2	4	4	4	3	4	2	4	2	4	55	M	180	45	O	O	W	81	1	4	T	H	N	40
63	2	1	1	1	1	2	3	4	5	3	5	3	5	4	4	3	5	5	5	4	5	1	5	4	34	N	169	39	O	O	W	9	8	3-5	T	S	N	NA
64	3	1	2	2	1	1	2	5	3	3	4	2	4	4	2	3	4	4	4	3	3	1	4	5	20	N	165	39	O	O	W	14	4	6?	T	H	S	15
65	4	1	2	2	1	1	2	4	3	3	5	5	4	3	2	4	4	5	4	3	3	1	4	4	19	N	168	38	O	O	W	14	4	NA	E	NA	NA	NA
66	3	1	2	4	1	1	2	5	4	2	4	4	5	3	1	4	4	3	4	5	3	5	1	3	17	N	174	39	O	O	W	14	8	10	E	NA	NA	NA
67	5	2	1	1	1	2	3	5	4	1	5	4	5	3	2	5	4	2	5	5	4	3	2	5	21	N	163	37	O	O	W	14	6	6	T	S	S	max20
68	4	2	1	1	1	2	2	5	4	3	4	2	5	4	2	5	4	4	4	3	3	3	4	4	20	N	180	39	O	O	W	14	6	6?	T	H	N	12
69	4	2	4	1	1	1	2	5	4	4	4	2	4	2	1	4	5	3	5	5	3	4	3	4	25	N	171	39	O	O	W	14	4	8	T	S	N	20
70	2	1	2	1	1	1	5	5	3	3	5	1	4	2	1	4	3	3	3	5	2	4	3	4	20	N	158	35	O	O	W	14	5	2	T	H	N	10-15
71	2	2	2	1	1	1	3	2	3	3	1	4	3	1	4	4	3	5	3	4	3	4	4	4	21	N	175	37	V	O	M	14	4	2	T	S	N	14
72	4	1	2	1	1	1	5	5	4	5	4	2	3	4	1	4	4	1	4	4	3	4	1	4	19	N	155	37	O	O	W	14	5	8?	E	S	NA	NA
73	2	1	3	2	1	3	1	5	4	4	3	4	5	2	2	4	5	4	5	3	3	2	4	4	21	N	176	40	O	O	W	12	5	6	T	S	N	10-20
74	4	1	2	2	2	2	2	4	4	4	2	2	4	4	1	2	4	4	4	5	1	5	1	4	42	N	160	37	O	E	NA	14	2	2-4	T	S	N	37-40
75	4	1	3	1	2	1	4	5	3	3	3	4	5	4	1	4	4	3	3	5	3	5	1	5	27	M	186	NA	NA	O	W	8	2	10	E	NA	NA	NA
76	4	1	2	2	1	1	5	5	5	3	5	4	4	4	1	4	4	3	4	3	3	3	4	5	21	N	170	38	V	O	W	14	5	NA	E	NA	NA	NA
77	5	1	3	2	1	2	4	5	4	4	4	2	3	3	2	5	4	4	4	4	2	2	2	3	19	N	165	38	O	O	M	14	4	6	E	S	NA	NA
78	3	1	1	1	1	1	3	5	4	4	3	3	5	4	3	5	5	4	5	4	4	4	4	5	40	N	170	41	O	O	W	11	3	5-8	T	T	N	30
79	2	1	1	1	1	1	5	4	3	5	5	1	2	5	2	4	3	2	3	4	3	4	2	5	21	M	180	42	O	E	NA	14	4	2	E	NA	NA	NA
80	1	1	1	1	1	1	3	5	3	4	4	4	3	3	3	5	5	4	4	4	4	2	4	5	20	M	185	44	V	E	L	13	3	4-5	T	S	S	10
81	3	1	3	1	1	2	4	4	4	2	5	3	4	4	2	4	3	1	4	2	2	4	2	4	20	N	158	36	O	O	M	14	4	3	T	S	S	10
82	2	4	3	1	1	1	4	5	3	4	5	3	4	3	3	4	5	4	4	3	3	2	3	5	20	M	175	43	O	O	W	13	5	NA	E	NA	NA	NA
83	2	5	2	5	5	5	5	5	3	5	5	5	5	4	1	3	2	3	2	4	2	5	2	4	21	N	165	37	O	O	M	14	3	4?	T	S	S	4.5
84	2	2	1	1	1	2	NA	3	3	5	5	3	3	4	3	4	5	5	5	4	3	1	3	3	21	N	163	36	O	O	M	13	4	2-3	T	S	S	0-10
85	3	1	1	1	1	2	1	4	3	3	3	3	4	2	2	4	4	5	4	3	3	3	4	5	21	M	178	41	O	O	W	11	4	7	T	H	S	15
86	3	1	2	1	1	1	5	5	3	5	4	1	3	4	1	4	2	3	2	5	2	4	2	3	21	N	174	40	O	O	W	13	4	?	E	NA	NA	NA
87	3	3	2	1	1	2	3	4	4	4	4	2	4	3	1	5	4	1	3	5	2	4	1	4	21	N	173	39	O	O	W	14	4	10	T	H	N	12-16
88	3	2	2	2	1	1	3	5	4	3	4	2	4	3	4	5	5	5	5	2	4	1	5	5	33	N	168	41	O	O	W	0	3	5	T	S	N	28
89	2	1	2	2	1	2	3	5	4	3	5	4	4	4	3	5	3	2	3	4	2	4	1	5	21	M	181	42	O	E	NA	14	4	6	E	H	NA	NA
90	4	2	3	2	2	1	2	5	4	4	4	2	2	4	4	4	4	4	2	4	2	2	3	4	24	N	170	36	O	O	M	10	5	4	E	NA	S	NA
91	4	3	2	1	1	2	3	3	2	5	4	2	2	4	3	3	4	4	4	3	3	2	3	3	20	N	179	39	O	O	M	13	2	4	T	S	N	50
92	4	1	1	1	1	1	5	4	3	5	5	2	5	3	3	5	5	4	4	3	3	3	4	5	20	M	185	45	O	O	L	12	4	6	E	H	NA	NA
93	4	5	4	4	4	4	4	4	3	4	5	3	4	5	1	2	3	1	2	1	2	5	1	2	49	M	188	42	O	O	W	13	1	paljon	E	NA	S	4-
94	4	2	3	2	1	1	3	5	4	4	4	4	5	3	2	4	5	2	5	4	3	2	2	5	30	N	177	38	O	O	M	5	3	8	T	S	N	20
95	4	2	2	2	1	2	2	4	5	3	4	4	4	3	3	5	4	4	4	3	3	3	5	5	19	M	172	42	O	O	W	14	3	8	E	S	NA	NA
96	2	1	2	2	1	1	2	4	4	2	3	3	4	4	4	4	4	3	4	2	4	3	3	4	32	M	175	41	O	O	W	5	5	6	T	S	NA	6
97	4	1	4	2	1	3	4	5	4	4	5	3	5	3	2	5	5	3	4	3	4	4	3	5	21	M	183	43	O	O	M	14	4	4-6	T	T	S	15-20
98	2	1	2	1	2	1	2	5	4	4	3	4	3	3	1	4	4	1	4	3	3	2	1	4	22	M	180	43	O	O	W	14	4	10	T	H	S	8
99	3	2	2	1	2	1	1	5	3	3	5	4	5	4	3	4	4	4	4	5	3	4	2	5	21	N	172	39	O	O	M	14	6	5	T	S	N	10-15
100	4	2	2	1	1	1	1	4	3	4	5	2	5	4	2	3	2	2	3	5	2	2	2	4	20	N	172	40	O	O	M	14	4	6	T	S	S	7
101	4	1	1	1	1	1	3	5	4	4	3	4	4	2	1	2	4	2	4	5	3	5	1	4	49	N	165	37	O	O	W	14	3	6	T	S	N	37
102	3	2	2	2	1	1	4	5	4	4	5	3	4	4	2	5	4	2	5	4	3	3	2	5	24	N	170	39	O	O	W	14	4	6	E	NA	NA	NA
103	1	1	2	1	1	1	4	5	3	5	5	2	3	5	1	4	5	2	5	5	3	5	2	4	35	N	170	37	O	O	W	14	5	10	E	NA	NA	NA
104	3	1	2	2	1	2	2	5	4	5	3	3	4	4	2	4	4	2	4	1	3	2	2	5	37	N	157	37	V	E	NA	14	3	6	T	S	N	33
105	3	2	1	1	1	2	3	5	3	3	5	4	5	2	4	4	5	2	5	4	2	3	4	5	26	N	176	40	O	O	W	13	3	6-10	E	NA	NA	NA
106	3	2	2	2	1	2	4	4	4	2	4	NA	5	3	2	4	3	4	2	3	3	2	5	4	22	N	168	41	O	O	W	14	5	?	E	S	NA	NA
107	3	2	4	2	1	2	4	5	4	2	5	3	4	3	1	4	3	4	3	5	3	4	3	4	22	N	160	37	O	O	W	14	3	4	T	S	S	7
108	3	2	2	1	1	2	3	5	3	4	4	3	4	4	2	4	3	5	4	2	3	1	4	4	21	M	179	44	O	O	L	12	4	12	E	S	NA	NA
109	4	1	2	3	1	1	2	5	4	3	4	3	5	4	3	5	5	3	4	2	3	1	4	5	31	M	173	39	O	E	NA	14	3	10	T	S	N	16
110	3	1	2	1	1	2	2	4	4	3	3	2	3	3	4	3	4	5	4	3	4	2	4	4	19	N	157	36	V	NA	NA	14	5	3	E	NA	NA	NA
111	2	1	1	1	1	1	5	4	4	3	5	4	4	5	4	5	5	4	5	2	4	1	5	5	21	M	174	42	V	E	NA	14	5	7	E	NA	NA	NA
112	4	1	3	2	1	1	2	3	3	3	4	3	4	2	1	4	4	3	3	5	3	5	3	5	22	NA	175	39	O	O	M	12	6	8-10	T	S	S	0-15
113	3	2	2	2	1	1	2	5	3	4	4	4	5	5	2	4	4	3	4	3	3	2	3	5	25	N	160	35	O	O	M	14	5	4	T	S	N	3-20
114	2	1	1	1	1	1	1	4	4	3	5	1	4	2	4	3	4	5	4	4	2	3	4	4	23	M	186	44	O	O	M	11	3	10	T	S	S	8
115	3	2	2	1	1	1	4	5	3	2	4	3	4	4	1	5	4	1	4	4	3	4	2	5	21	N	175	41	O	O	M	14	4	6	E	H	NA	NA
116	4	2	2	1	1	1	3	5	4	4	3	3	4	3	4	5	5	5	5	3	3	2	4	5	23	M	175	43	O	O	W	11	2	6-8	T	S	N	7.5
117	2	1	2	1	2	1	2	5	4	4	2	5	5	4	2	4	4	1	4	5	4	4	2	4	22	M	188	46	O	O	W	14	5	2	T	T	N	10
118	4	2	2	1	1	2	2	4	4	4	4	2	5	2	4	5	4	5	4	3	3	1	5	5	25	N	173	38	O	O	W	11	3	4-8	T	S	N	10-15
119	2	1	2	1	1	2	3	5	4	5	4	5	5	4	2	5	3	3	4	4	NA	4	3	4	26	M	183	44	O	E	NA	14	3	6-8	E	NA	NA	NA
120	4	3	2	2	1	2	2	4	4	3	4	4	5	4	3	4	4	4	5	3	5	1	2	4	19	N	167	40	O	O	W	13	4	2	T	S	S	1.5
121	3	2	2	1	1	1	2	5	4	4	5	3	4	4	2	4	4	4	4	4	2	4	4	4	30	N	160	38	O	O	M	14	4	2	E	S	NA	NA
122	5	1	3	1	1	1	3	5	4	3	5	4	3	2	2	5	4	2	4	5	4	4	2	5	19	N	160	35	O	E	NA	14	3	tm	T	S	N	30
123	2	2	2	1	1	1	2	5	3	4	4	3	3	4	1	4	4	2	4	5	3	4	2	5	29	M	179	43	O	O	W	14	5	7	T	H	N	9
124	4	3	2	2	1	1	3	4	2	4	3	2	4	3	2	5	5	5	5	3	4	2	4	5	35	M	173	42	O	O	W	14	4	6	E	NA	NA	NA
125	4	2	2	1	1	1	3	5	5	4	4	5	5	4	2	5	4	1	4	2	4	2	1	5	19	M	185	45	O	O	W	14	4	10	E	S	NA	NA
126	4	3	2	1	1	2	2	5	3	3	4	2	3	3	2	4	4	1	4	1	3	3	1	4	25	N	163	38	O	O	M	14	4	18	E	NA	NA	NA
127	4	2	2	1	1	1	4	5	5	4	4	4	4	3	1	3	3	1	3	5	2	3	1	3	21	N	162	39	O	O	M	14	6	5	T	H	N	20
128	4	2	3	2	1	1	2	4	4	3	4	2	5	3	1	5	4	3	2	5	2	4	2	4	22	N	168	39	O	O	M	12	5	2-3	T	H	N	7.5
129	3	1	3	1	1	1	4	5	4	4	4	3	3	4	2	5	4	3	4	4	3	4	2	4	22	N	160	37	V	O	W	14	5	3	E	NA	NA	NA
130	3	5	3	2	5	5	4	4	4	2	4	3	3	4	2	4	4	1	4	5	3	5	2	4	23	M	174	41	O	O	M	14	3	5	T	H	S	10
131	3	4	4	5	5	5	4	5	3	3	4	3	3	4	1	3	2	1	2	5	1	5	1	3	20	N	165	39	V	O	M	14	4	NA	E	NA	NA	NA
132	4	3	2	2	1	2	3	5	4	4	4	4	4	4	3	4	5	5	5	2	4	1	4	4	21	N	160	37	O	O	W	11	5	8	T	S	S	4
133	3	1	4	2	1	3	3	4	5	4	5	1	5	4	1	2	1	1	1	1	1	5	1	3	21	N	165	37	O	O	M	12	7	4	E	NA	NA	NA
134	4	2	3	2	1	2	3	5	4	3	3	5	5	3	2	3	4	4	4	3	4	1	2	5	24	NA	161	37	O	O	L	14	5	2	E	H	NA	NA
135	4	2	4	2	3	2	4	4	3	3	4	4	4	4	2	4	3	2	3	4	3	4	2	4	20	N	167	38	O	O	M	14	4	4	E	H	NA	NA
136	4	1	2	1	1	1	5	4	4	3	5	3	3	4	2	5	5	5	5	4	3	3	4	5	34	N	157	37	O	O	M	99	7	2-3	E	H	NA	NA
137	3	1	2	1	1	2	3	4	4	5	4	3	4	4	1	3	2	2	2	5	1	1	1	4	19	N	181	41	O	E	NA	14	4	4	T	H	S	8
138	5	3	2	1	1	2	2	4	4	3	4	3	4	3	1	4	4	1	4	5	2	5	1	5	22	N	175	40	O	O	M	14	5	3-6	E	NA	NA	NA
139	4	2	1	1	1	1	2	5	5	1	5	3	4	2	1	5	4	3	3	5	2	5	1	5	21	N	180	41	O	O	M	14	6	2	T	S	N	8
140	2	2	2	1	1	2	2	4	3	3	4	3	4	4	2	4	3	4	3	3	2	1	3	4	20	M	184	44	O	O	M	14	4	4	T	H	S	8-24
141	3	1	1	1	1	1	3	5	5	3	4	4	4	5	3	5	5	2	5	3	4	1	2	5	27	N	172	40	O	O	L	12	1	15	T	T	N	37.5
142	4	2	1	2	1	2	5	5	5	5	5	4	5	4	4	5	5	5	4	2	3	1	5	5	20	M	182	44	V	O	W	14	6	2	T	S	S	10
143	2	1	1	2	1	1	3	4	3	5	3	3	5	3	2	3	3	1	3	4	2	3	1	2	20	M	181	46	O	E	NA	14	5	8	E	NA	NA	NA
144	2	1	1	1	1	1	3	5	5	4	5	2	4	4	2	4	4	4	4	5	1	5	2	5	23	N	167	38	O	O	M	10	4	3	T	H	N	4
145	4	1	1	1	3	1	4	2	1	4	3	5	5	4	2	5	5	2	5	3	3	2	2	5	35	M	191	46	O	O	M	2	6	4	T	S	N	37.5
146	3	1	2	1	1	1	2	4	4	5	5	3	4	5	2	5	4	4	4	5	3	1	4	4	24	N	171	39	O	O	W	14	5	8	E	NA	NA	NA
147	2	1	1	1	1	2	5	4	4	5	5	2	2	5	2	3	2	2	2	4	1	5	1	3	19	M	182	44	O	O	W	14	4	2-4	E	NA	NA	NA
148	3	2	3	2	1	2	3	5	4	4	5	2	5	5	4	5	5	4	5	2	4	1	5	4	22	N	171	38	O	O	W	14	4	5	T	T	S	NA
149	3	2	2	1	1	1	5	5	4	4	5	3	4	4	1	5	4	4	4	3	3	3	4	5	19	N	157	36	O	O	M	14	3	8	E	H	NA	NA
150	4	1	3	2	1	2	5	3	3	5	5	2	3	2	1	3	3	1	2	5	2	4	1	3	19	M	193	45	O	O	W	14	5	tm	E	H	NA	NA
151	5	2	NA	1	1	2	4	4	4	5	5	2	4	5	3	4	3	4	3	4	2	3	2	4	20	N	161	37	O	O	M	13	2	0-2	T	S	N	>40
152	2	2	2	1	1	2	3	4	3	3	4	3	5	1	2	4	5	4	5	3	4	2	3	4	32	N	172	39	V	O	W	1	7	2	E	NA	NA	NA
153	3	1	2	1	1	2	4	5	4	4	4	3	4	3	2	4	4	2	4	5	1	5	2	4	20	N	162	37	O	O	W	14	6	3-6	T	H	N	12
154	3	1	1	1	1	1	3	5	3	5	5	4	5	2	2	5	5	3	5	3	3	4	2	5	32	N	171	40	O	O	M	4	4	8	E	S	NA	NA
155	4	2	2	1	1	1	4	4	4	3	4	2	4	4	4	5	4	4	4	3	3	3	4	5	21	N	159	36	O	O	W	14	5	5	T	S	S	7
156	4	2	2	2	1	1	4	4	3	3	4	2	4	3	1	5	4	1	4	5	3	3	1	3	26	M	183	42	V	O	W	9	2	3	T	S	N	20
157	3	4	2	1	1	1	4	5	4	5	5	5	5	4	3	5	5	5	5	2	4	1	3	5	50	M	177	42	O	O	M	95	1	6	T	S	N	40
158	4	1	3	2	1	1	1	5	3	3	3	4	4	4	3	5	4	2	4	5	3	4	2	5	25	M	165	41	V	O	M	12	4	5	T	H	N	15-20
159	3	1	1	1	1	2	2	2	2	3	4	2	5	5	3	5	5	2	4	2	3	1	2	5	23	M	172	42	O	O	W	14	3	7	T	T	N	16
160	2	1	1	1	1	1	4	5	4	4	4	3	4	4	2	4	4	4	4	4	2	3	2	4	19	N	172	39	O	O	W	14	5	NA	E	NA	NA	NA
161	2	1	2	1	1	1	2	4	5	4	4	4	5	4	1	5	4	4	4	3	3	3	4	3	24	M	195	47	O	O	M	8	5	3	T	H	N	25
162	3	2	3	1	1	2	2	5	4	4	5	1	3	5	3	3	5	4	5	2	4	2	3	5	27	M	178	42	O	O	W	5	5	8	E	NA	NA	NA
163	1	1	3	1	1	2	3	4	5	3	5	2	5	5	2	4	4	3	4	5	3	5	2	4	23	N	157	36	NA	NA	NA	14	4	2-4	T	S	N	10
164	2	1	1	2	1	1	3	5	3	4	3	2	4	3	4	3	3	3	3	3	3	3	2	4	23	N	172	39	O	O	W	12	4	2	T	S	S	5-10
165	3	2	3	1	1	1	3	3	3	4	5	3	4	3	1	4	2	4	1	5	1	5	3	4	19	N	173	39	O	O	M	14	4	eoav	E	NA	NA	NA
166	3	3	3	2	1	2	2	4	4	3	4	2	2	4	1	4	3	2	2	5	2	5	1	4	20	N	169	39	O	O	W	14	3	monta	T	S	S	8-32
167	2	2	2	1	2	1	5	5	2	2	3	3	4	3	3	5	5	4	4	3	5	2	4	5	23	M	185	47	O	O	W	14	5	10	T	S	S	10-15
168	3	1	1	1	2	1	2	5	2	5	5	3	4	3	4	4	4	4	3	3	3	1	4	4	21	N	167	37	O	E	NA	14	3	tm	T	H	N	10
169	3	5	3	4	5	5	3	5	2	5	4	3	4	4	4	4	5	1	5	5	5	5	1	5	24	N	165	38	O	O	M	9	2	2	T	H	N	15
170	4	1	2	1	1	1	3	5	5	2	5	2	2	3	1	4	4	5	5	5	3	5	2	5	34	N	173	40	O	O	W	2	2	10	T	S	N	22
171	5	1	4	1	1	1	3	5	4	5	3	3	4	4	4	5	5	5	5	4	5	3	5	5	21	N	169	37	O	O	W	14	5	5	T	H	S	0-8
172	1	2	3	2	1	2	4	5	4	3	5	2	4	3	4	5	5	4	5	3	3	2	4	5	33	N	162	37	O	O	M	12	3	L+4-6	E	T	N	NA
173	4	2	3	1	1	1	2	5	3	3	2	4	4	3	3	4	4	4	3	4	2	3	2	3	23	N	161	36	O	O	W	14	NA	5	T	S	S	N/A
174	2	1	3	2	1	1	1	4	4	3	4	3	5	2	1	4	4	3	4	3	3	3	3	4	24	M	168	42	O	O	W	14	5	5	T	S	N	13
175	2	1	1	2	1	2	5	4	4	3	5	3	3	5	2	4	4	2	4	3	3	2	3	4	20	M	174	42	O	O	W	14	4	5	T	S	S	10-30
176	3	1	2	2	2	1	3	5	4	3	5	3	4	5	3	5	4	4	4	3	3	3	4	4	21	M	187	43	O	O	W	14	3	4+L	T	S	N	15
177	4	1	3	1	2	1	2	4	4	3	3	4	3	2	4	5	4	4	4	2	2	1	4	4	21	N	164	37	O	O	W	13	5	7	T	S	S	0-30
178	5	1	2	2	3	2	1	5	2	3	3	5	5	3	2	5	4	2	4	4	4	2	2	5	30	N	172	40	O	O	W	10	4	6-8	E	H	NA	NA
179	4	1	3	2	1	1	3	4	3	3	4	3	4	2	3	4	4	3	4	4	3	4	2	4	21	N	149	34	V	O	W	14	3	tarp	T	S	N	15
180	2	2	3	1	1	2	3	4	3	4	4	2	3	4	4	4	4	4	4	3	3	2	4	4	24	N	170	38	O	O	W	11	4	5	T	S	S	16
181	3	2	3	1	1	1	3	5	5	4	5	3	5	4	3	5	5	4	4	5	3	3	4	5	21	N	180	40	O	O	W	11	3	6	T	S	N	15
182	3	3	1	1	1	1	2	5	4	4	4	3	5	4	1	4	4	3	3	4	3	2	4	4	NA	NA	174	40	O	E	NA	14	5	6	T	S	S	0-16
183	4	2	1	2	1	1	3	5	4	4	4	5	5	2	1	5	4	4	3	5	2	3	2	5	21	M	183	44	O	O	W	14	5	8	E	H	NA	NA
184	4	1	3	1	1	1	4	5	3	2	5	3	4	3	3	4	4	5	4	4	4	3	3	4	20	M	185	43	V	O	W	14	4	5	E	NA	NA	NA
185	3	1	2	1	1	1	3	5	4	2	4	3	5	2	4	4	4	5	4	2	4	1	5	4	22	N	170	39	O	O	M	12	4	2-3	T	H	N	5-20
186	3	2	2	2	2	2	4	5	4	3	5	3	4	5	1	3	3	3	3	3	3	2	2	3	22	N	169	36	O	O	M	14	5	3	T	S	S	NA
187	3	2	3	1	1	1	4	5	4	4	5	2	4	4	3	3	3	4	2	4	2	4	2	3	20	N	165	39	O	O	M	14	4	etv	T	S	N	väh10
188	3	1	2	2	1	2	4	4	4	4	4	3	4	4	1	4	4	5	4	3	3	1	5	4	18	N	167	41	O	O	W	14	5	etv	E	NA	NA	NA
189	3	2	2	2	2	2	2	4	3	4	4	3	4	4	2	4	4	3	4	3	3	2	3	4	20	N	173	39	V	E	NA	14	4	12	T	NA	NA	10-15
190	3	2	2	1	1	2	2	4	3	3	3	4	4	3	2	4	4	2	5	4	3	3	2	4	27	M	186	43	O	O	M	9	4	eos	T	S	S	15-20
191	3	2	3	2	1	1	3	4	3	4	4	2	4	3	3	3	4	3	4	4	2	3	3	4	20	N	173	39	O	O	W	14	4	2:)	E	S	NA	NA
192	4	1	2	1	1	1	2	5	5	4	4	3	4	2	2	5	5	2	5	4	3	4	1	5	24	N	162	37	O	O	W	11	5	3	T	S	N	15
193	4	2	3	2	2	2	3	4	2	3	3	4	2	4	1	4	4	5	4	3	3	2	4	4	21	N	162	38	O	O	M	13	4	L+2	E	NA	NA	NA
194	4	2	2	1	1	1	1	5	5	2	3	4	4	3	1	4	5	4	5	4	3	2	4	4	23	N	160	37	O	O	W	13	4	L+2-3	T	S	N	10
195	4	1	2	1	1	2	3	4	3	4	4	3	4	3	2	4	4	2	4	4	3	3	2	3	38	M	NA	NA	NA	O	W	9	1	8	T	S	N	37.5
196	1	1	1	1	1	1	3	4	4	5	5	3	4	5	1	5	5	1	5	5	4	5	1	5	46	N	163	36	O	O	W	13	5	20	E	NA	NA	NA
197	2	1	1	1	1	1	4	5	4	3	5	3	3	4	4	4	4	2	4	4	3	3	2	4	41	N	157	37	O	O	M	11	4	4	T	S	N	37
198	5	1	2	1	1	1	1	5	2	4	3	4	4	3	1	5	5	3	5	5	2	5	2	5	32	N	167	38	O	O	W	13	2	2-3	E	NA	NA	NA
199	2	2	1	1	1	2	4	5	3	3	5	1	4	5	1	5	3	1	5	5	1	5	1	5	23	N	171	38	O	E	NA	12	5	1	T	H	S	0-12
200	4	1	2	1	1	1	2	5	3	4	4	3	5	3	2	4	4	3	5	4	3	4	4	4	21	N	169	38	O	O	M	14	4	4-5	T	S	S	5-10
201	3	1	1	1	1	1	4	5	5	5	5	4	5	5	4	5	5	4	5	2	4	4	4	5	25	M	174	43	O	E	NA	10	4	8	T	S	N	5
202	4	1	2	1	1	2	2	5	3	2	2	5	4	2	4	5	5	4	5	4	4	3	2	5	42	N	170	41	O	O	M	8	2	10	T	T	N	30
203	3	1	2	2	1	1	2	5	4	1	4	3	5	3	3	4	4	3	4	3	3	2	5	5	21	N	174	39	O	O	W	13	5	3?	T	S	S	10
204	3	1	2	1	1	1	2	5	4	2	4	4	5	3	2	4	4	3	4	3	3	3	4	4	20	M	176	40	O	O	W	14	5	3	E	H	NA	NA
205	3	2	2	1	1	2	3	5	3	5	4	4	3	4	3	4	4	4	4	4	3	4	4	4	33	N	173	40	O	O	M	2	8	NA	E	NA	NA	NA
206	4	1	3	1	1	1	2	5	3	2	3	4	5	2	2	5	4	3	4	4	2	4	3	2	26	N	168	38	NA	O	M	8	2	3	E	NA	NA	NA
207	1	1	3	1	2	2	5	4	4	4	5	3	5	5	3	5	5	1	5	4	4	5	3	5	42	M	179	44	O	E	NA	92	4	4	E	H	NA	NA
208	2	1	2	1	1	2	4	3	3	4	3	1	2	4	4	3	3	5	4	3	3	3	4	3	20	N	176	38	V	O	W	14	5	NA	T	H	S	7
209	3	2	2	1	1	2	4	5	4	3	5	2	3	3	3	3	4	3	3	4	3	4	3	3	20	N	168	39	O	O	W	14	4	NA	E	S	NA	NA
210	3	4	2	4	4	5	3	4	2	4	3	2	4	4	2	4	2	2	3	2	4	5	1	2	19	N	163	36	O	O	M	14	5	6.5	E	NA	NA	NA
211	2	2	1	1	1	1	2	4	2	3	4	4	3	3	3	4	3	4	4	4	3	4	4	3	18	N	161	38	O	O	M	14	3	7	E	NA	NA	NA
212	3	2	2	1	1	2	3	4	4	3	4	2	3	5	3	4	5	4	5	3	3	3	3	4	20	N	181	41	O	O	W	14	5	etv	E	S	NA	NA
213	3	2	1	1	1	1	1	5	5	4	5	1	4	5	1	5	4	4	4	2	3	1	4	5	21	M	180	44	O	O	W	14	3	2-4	T	S	N	15
214	3	3	2	1	2	1	3	1	2	2	2	4	4	NA	1	4	4	2	4	3	3	4	1	4	44	N	174	40	NA	O	W	8	2	2-4	T	S	N	38
215	4	2	2	2	1	1	4	3	2	2	4	2	4	4	1	5	5	2	5	5	2	4	4	5	37	N	166	37	O	O	M	13	1	3	T	H	N	37.5
216	4	2	2	2	1	1	5	5	4	5	5	1	2	4	2	4	4	3	2	5	2	5	1	5	25	N	170	38	O	O	M	13	4	5-10	T	S	N	10
217	2	1	2	1	1	1	2	5	4	2	4	4	5	2	1	4	5	4	5	4	3	2	2	5	22	M	187	44	O	O	M	14	5	8	E	H	NA	NA
218	2	1	1	1	1	1	1	5	4	3	5	4	5	3	2	5	5	4	5	3	4	4	2	5	26	M	183	44	V	E	NA	8	4	3-4+L	T	S	N	20
219	3	2	2	1	1	1	2	5	4	2	3	3	5	4	2	5	5	5	5	1	4	1	4	5	21	M	179	43	O	O	M	12	0	an-kl?	E	S	NA	NA
220	4	1	2	2	1	1	1	5	4	3	2	3	5	2	4	5	5	5	5	2	4	1	4	4	22	M	186	42	O	O	W	13	4	2-3	E	S	NA	NA
221	4	3	1	1	1	1	2	5	3	5	4	4	5	3	1	4	5	4	5	3	3	4	3	2	36	N	168	39	O	O	W	0	1	2-4	T	S	N	36.25
222	3	2	2	1	1	1	3	5	5	3	5	5	4	4	1	4	3	1	4	4	3	4	1	5	20	N	163	36	O	O	W	14	5	etv	T	S	N	8-18
223	4	1	2	2	1	1	4	5	4	3	4	4	5	2	2	4	4	3	4	5	2	3	4	5	51	M	187	44	O	O	W	3	2	6	T	H	N	37.5
224	2	1	3	2	1	2	3	4	3	3	5	1	3	4	1	4	4	4	4	5	3	4	3	2	33	N	160	37	O	O	W	11	1	15	T	H	N	40
225	2	1	2	1	1	1	2	4	5	3	4	3	4	4	4	5	4	4	4	2	3	2	4	5	21	M	178	44	O	O	M	13	6	3-5	T	H	S	0-16
226	2	1	2	1	1	1	3	5	4	4	5	3	5	4	4	5	5	4	5	4	4	4	4	5	30	M	186	44	O	O	L	6	3	et	T	S	S	vaiht
227	3	1	1	1	1	1	1	5	5	3	4	4	5	4	2	4	4	2	3	5	1	4	2	5	54	N	160	38	O	E	NA	80	3	2?	E	S	NA	NA
228	1	5	5	4	4	5	2	5	5	3	2	5	5	3	1	3	2	1	3	5	1	5	1	3	44	M	170	39	O	O	M	13	5	15	E	NA	NA	NA
229	3	2	2	1	1	2	2	4	4	5	5	2	4	4	2	4	4	1	3	4	3	4	1	4	20	N	180	39	O	O	W	14	3	6	E	NA	NA	NA
230	3	2	1	2	1	3	1	3	4	3	4	4	4	5	4	5	5	5	5	2	3	1	4	5	24	M	186	45	O	O	W	10	6	5	T	H	S	6
231	3	1	1	1	1	1	2	4	5	3	4	3	4	4	2	3	3	2	3	4	3	4	2	4	22	N	162	37	O	O	W	14	4	6	T	H	S	15
232	3	1	2	2	2	3	3	4	5	5	4	3	4	5	2	4	4	4	3	3	2	4	3	4	19	N	170	37	O	O	M	14	4	selv	E	NA	NA	NA
233	2	1	1	1	1	1	3	5	4	5	5	3	4	3	1	5	5	1	5	4	4	3	2	5	22	N	166	39	O	O	M	14	6	5	T	S	S	5
234	3	1	2	2	1	1	3	5	4	4	5	3	2	4	2	4	5	4	5	2	5	1	4	5	23	N	174	40	O	O	L	12	4	5+L	E	H	NA	NA
235	3	2	2	2	1	1	3	5	4	3	3	3	4	4	4	5	5	5	5	4	5	1	4	5	48	M	173	42	O	O	L	10	3	10	T	T	N	37
236	3	1	2	2	1	2	3	5	4	4	4	5	5	2	2	4	4	2	4	5	3	1	4	4	29	M	184	43	O	O	M	7	2	2-5	T	S	S	0-15
237	1	2	1	1	1	1	4	4	4	5	5	3	4	5	4	4	5	5	4	2	3	2	4	4	21	M	178	43	V	O	W	14	7	5	T	S	N	15
238	3	1	2	2	1	1	4	5	4	5	4	4	4	4	4	5	4	5	4	2	3	2	5	5	33	N	167	39	O	O	W	14	5	4.5	E	S	NA	NA
239	4	1	1	1	1	1	4	5	3	5	5	3	4	3	4	5	5	5	5	4	5	1	5	5	22	N	169	38	O	O	W	11	6	7	T	S	N	20
240	4	2	2	4	1	2	1	5	1	1	1	4	4	4	4	4	5	4	4	2	4	2	4	5	22	M	179	44	O	O	M	12	4	10	E	NA	NA	NA
241	3	1	2	1	1	1	2	5	3	3	4	3	4	3	1	4	5	5	4	3	3	2	4	5	25	N	173	41	O	O	M	9	5	8	E	S	NA	NA
242	4	2	3	3	1	2	2	5	4	5	5	2	4	3	1	4	4	3	4	3	3	4	2	4	22	M	177	42	O	O	W	14	5	4-8	T	S	S	0-16
243	5	1	1	2	2	1	2	4	1	4	3	3	3	3	4	4	4	5	4	2	4	1	5	4	25	M	177	43	O	O	M	10	5	6	E	S	S	3
244	3	4	4	4	5	5	3	4	5	5	5	1	3	5	3	5	5	5	5	4	4	2	5	5	20	N	167	37	O	O	W	13	3	10+	T	S	S	5
245	4	2	2	2	2	1	3	5	4	4	4	2	4	4	3	4	4	5	4	2	3	1	4	4	21	M	182	43	O	O	L	12	3	7	E	H	NA	NA
246	4	2	4	1	2	1	2	5	4	4	4	4	3	4	4	5	5	2	5	3	5	2	3	5	21	N	162	36	O	O	W	13	3	EOS	T	T	S	2-4
247	3	1	2	1	1	1	3	5	5	4	2	5	5	5	1	5	4	2	4	4	3	3	4	4	27	N	178	39	O	O	M	9	4	6	T	S	N	30
248	4	1	3	2	1	1	4	5	4	5	3	2	5	5	4	5	5	5	5	5	5	4	4	5	20	N	163	39	O	O	W	13	4	4	T	H	S	0-16
249	4	1	2	2	1	2	3	4	3	5	3	2	3	3	2	5	3	4	4	5	2	4	3	5	23	N	NA	NA	O	O	W	10	2	0-5	E	NA	NA	NA
250	3	2	2	1	1	2	2	4	4	3	3	3	4	2	1	5	4	2	4	5	3	5	1	5	29	N	174	40	O	O	W	8	2	6	T	S	N	15-20
251	3	1	2	1	1	1	NA	5	4	4	5	2	4	5	1	5	5	4	5	4	3	2	4	3	26	N	176	39	O	O	M	7	2	6+4(L)	E	S	NA	NA
252	3	1	2	2	1	2	3	5	5	3	4	2	4	4	4	5	5	5	5	2	4	1	4	5	21	N	168	39	V	O	W	11	6	2-3	T	H	N	15
253	4	1	3	2	1	1	1	5	2	3	2	5	5	1	1	3	5	1	4	5	3	4	1	2	45	N	168	38	O	O	W	92	1	12	T	H	NA	37.5
254	4	1	1	1	1	2	4	5	2	3	4	2	4	5	2	5	5	1	4	3	4	3	2	5	28	M	184	44	O	O	W	14	7	10	E	NA	NA	NA
255	3	1	2	2	1	1	4	5	5	4	4	3	4	4	2	4	4	5	4	4	3	3	4	4	53	N	173	41	O	O	W	79	2	4	T	NA	N	20
256	2	1	1	1	1	2	2	5	5	2	5	2	5	5	1	4	4	1	5	5	4	5	2	5	48	N	158	36	O	O	W	11	5	9	T	H	N	36.5
257	2	2	1	1	1	2	2	5	3	2	3	4	5	4	4	4	5	4	5	3	5	2	4	5	20	M	173	47	O	O	W	14	3	3	E	NA	NA	NA
258	4	1	1	1	1	1	2	5	4	4	5	3	5	4	3	5	4	4	4	4	3	1	4	5	26	N	157	36	O	O	M	14	5	6	E	NA	NA	NA
259	2	1	3	1	1	1	3	4	4	2	5	2	4	3	2	4	2	1	2	5	1	4	2	2	22	N	162	37	O	O	W	14	3	4	T	H	N	15
260	5	2	2	2	2	1	3	5	3	3	4	2	5	3	4	4	4	2	4	4	3	1	5	4	20	N	179	42	O	O	W	13	5	5	T	H	S	0-25
261	2	2	2	1	1	1	3	4	4	5	5	3	3	4	2	3	4	2	3	5	2	4	1	3	24	M	172	41	O	O	W	14	4	3-4	T	S	N	11-13
262	5	2	2	2	2	1	2	4	4	3	3	3	4	3	2	3	4	3	4	2	5	1	3	3	49	M	187	44	O	O	W	93	3	5	T	T	N	40
